camera_matrix:
- - 640
  - 0
  - 320
- - 0
  - 480
  - 240
- - 0
  - 0
  - 1
dist_coeffs:
- - 0.0
- - 0.0
- - 0.0
- - 0.0
rvecs:
- - - -2.844517164349159
    - -0.11030464259593575
    - 0.91876245089589
tvecs:
- - - -0.038594563770080755
    - -0.09291105905904413
    - 0.5986930518609317
